berkay2amp0.05bpm20.01

[0, 0, 0, 5, 10, 14, 19, 20, 26, 28, 31, 36, 42, 42, 45, 47, 53, 54, 57, 60]
[65, 72, 76, 76, 79, 83, 87, 90, 92, 94, 101, 102, 108, 112, 116, 121, 123, 127, 131, 135]
[145, 148, 151, 156, 161, 163, 166, 170, 173, 176, 178, 181, 184, 186, 188, 192, 194, 196, 199, 203]
[209, 213, 214, 217, 218, 223, 225, 228, 230, 234, 237, 240, 243, 246, 248, 250, 252, 255, 258, 264]
[267, 270, 273, 277, 282, 282, 287, 288, 292, 292, 296, 297, 299, 301, 304, 308, 310, 314, 317, 319]
[326, 330, 334, 338, 340, 342, 348, 351, 353, 359, 361, 363, 365, 369, 372, 374, 380, 382, 384, 388]
[393, 395, 398, 400, 405, 408, 410, 413, 416, 418, 419, 427, 430, 432, 437, 439, 442, 446, 451, 452]
[459, 464, 467, 467, 472, 476, 477, 482, 486, 489, 492, 494, 498, 502, 506, 508, 509, 513, 518, 520]
[525, 530, 529, 532, 532, 538, 540, 541, 543, 544, 549, 550, 551, 551, 555, 556, 560, 558, 564, 564]
[568, 571, 572, 574, 578, 579, 579, 582, 584, 585, 588, 590, 590, 594, 596, 598, 600, 601, 603, 605]
[608, 611, 612, 614, 615, 618, 618, 620, 621, 622, 625, 626, 628, 630, 631, 631, 633, 637, 636, 638]
[644, 645, 647, 647, 651, 653, 655, 657, 659, 660, 663, 662, 662, 666, 669, 672, 674, 675, 677, 679]
[683, 684, 686, 688, 688, 692, 693, 695, 697, 698, 694, 698, 702, 703, 705, 706, 708, 708, 711, 711]
[717, 715, 718, 720, 721, 721, 723, 724, 725, 726, 728, 725, 728, 729, 728, 732, 730, 734, 734, 733]
[737, 738, 737, 738, 739, 739, 740, 736, 740, 740, 742, 742, 743, 742, 744, 745, 742, 745, 746, 745]
[748, 748, 746, 749, 748, 747, 750, 751, 752, 752, 749, 753, 752, 754, 755, 755, 756, 754, 758, 758]
[760, 760, 761, 762, 762, 760, 762, 759, 763, 765, 764, 763, 766, 760, 766, 766, 767, 768, 768, 768]
[770, 770, 770, 770, 771, 771, 772, 771, 772, 773, 774, 774, 776, 775, 773, 776, 776, 777, 777, 778]
[778, 779, 779, 779, 780, 781, 781, 782, 782, 780, 783, 781, 783, 780, 784, 785, 785, 786, 786, 786]
[787, 788, 787, 789, 788, 790, 789, 790, 788, 791, 790, 791, 793, 793, 793, 793, 790, 794, 795, 795]
[795, 796, 795, 796, 796, 795, 797, 797, 798, 798, 798, 797, 799, 799, 800, 798, 800, 802, 802, 801]
[802, 802, 802, 803, 804, 803, 803, 804, 805, 804, 804, 806, 803, 806, 806, 806, 806, 807, 807, 808]
[808, 806, 809, 806, 808, 808, 808, 806, 810, 807, 809, 809, 810, 806, 810, 811, 811, 811, 812, 811]
[811, 812, 810, 813, 809, 813, 809, 814, 814, 815, 810, 815, 814, 816, 813, 816, 815, 816, 815, 816]
[816, 816, 817, 816, 817, 817, 818, 817, 817, 818, 820, 817, 819, 817, 818, 818, 819, 817, 820, 820]
[816, 821, 821, 821, 821, 822, 820, 821, 823, 822, 824, 823, 824, 823, 824, 824, 823, 824, 825, 825]
[825, 823, 825, 825, 826, 826, 827, 825, 827, 826, 826, 827, 827, 828, 827, 828, 829, 828, 829, 828]
[829, 829, 829, 830, 830, 830, 830, 830, 830, 831, 830, 830, 831, 831, 832, 832, 831, 831, 833, 832]
[832, 832, 832, 832, 832, 831, 833, 829, 833, 830, 832, 834, 833, 829, 833, 832, 834, 831, 834, 831]
[834, 835, 833, 835, 835, 836, 834, 835, 835, 835, 836, 836, 835, 836, 836, 835, 836, 837, 834, 837]
[837, 837, 836, 836, 838, 837, 838, 838, 837, 837, 837, 836, 838, 838, 839, 836, 839, 838, 839, 839]
[837, 839, 839, 839, 834, 840, 837, 840, 841, 840, 842, 840, 838, 841, 838, 841, 842, 841, 843, 842]
[842, 843, 842, 841, 843, 843, 843, 843, 844, 842, 843, 844, 844, 842, 845, 844, 845, 845, 846, 841]
[846, 845, 845, 846, 846, 846, 847, 845, 844, 846, 847, 845, 847, 846, 844, 847, 844, 846, 847, 846]
[846, 846, 847, 845, 846, 844, 847, 845, 847, 847, 847, 847, 847, 843, 848, 847, 847, 847, 848, 845]
[847, 847, 847, 847, 847, 848, 847, 848, 849, 847, 849, 848, 847, 848, 848, 849, 848, 848, 848, 849]
[848, 848, 849, 848, 848, 848, 849, 848, 849, 849, 849, 847, 849, 846, 849, 850, 850, 850, 849, 850]
[850, 851, 850, 851, 850, 850, 851, 850, 851, 850, 851, 851, 852, 851, 848, 851, 852, 850, 851, 851]
[852, 852, 851, 853, 850, 851, 850, 852, 852, 853, 849, 853, 849, 852, 849, 852, 850, 853, 851, 853]
[853, 853, 853, 853, 853, 854, 853, 853, 853, 854, 854, 855, 853, 853, 853, 854, 854, 854, 854, 854]
[854, 854, 854, 853, 854, 854, 855, 854, 854, 851, 854, 853, 854, 854, 854, 853, 854, 854, 854, 854]
[854, 854, 853, 853, 854, 852, 854, 853, 854, 854, 853, 854, 854, 854, 853, 853, 854, 854, 851, 853]
[851, 852, 852, 853, 851, 852, 852, 854, 852, 852, 849, 852, 851, 852, 852, 852, 849, 848, 852, 851]
[851, 852, 851, 851, 851, 852, 851, 851, 850, 851, 851, 850, 849, 850, 850, 851, 850, 849, 851, 850]
[851, 850, 849, 849, 849, 846, 848, 850, 849, 849, 850, 849, 848, 850, 849, 849, 849, 847, 848, 846]
[846, 850, 848, 849, 845, 847, 848, 848, 848, 849, 847, 848, 847, 847, 848, 848, 846, 847, 847, 848]
[848, 846, 846, 844, 846, 845, 844, 846, 845, 846, 840, 844, 846, 845, 844, 844, 845, 844, 843, 842]
[843, 842, 842, 843, 842, 842, 842, 841, 841, 840, 841, 840, 840, 840, 839, 838, 840, 839, 838, 837]
[832, 838, 837, 837, 836, 836, 836, 835, 832, 834, 833, 831, 833, 830, 832, 833, 832, 833, 830, 832]
[830, 831, 827, 828, 829, 825, 826, 825, 826, 825, 824, 823, 823, 824, 823, 822, 822, 819, 820, 817]
[817, 817, 815, 815, 810, 813, 811, 811, 810, 806, 807, 806, 806, 800, 804, 802, 800, 800, 800, 795]
[795, 793, 792, 790, 788, 787, 782, 782, 782, 779, 776, 772, 774, 772, 769, 768, 764, 762, 757, 758]
[752, 750, 747, 746, 743, 740, 738, 732, 732, 729, 727, 724, 719, 716, 715, 712, 707, 704, 699, 696]
[686, 682, 678, 673, 669, 665, 660, 652, 651, 646, 640, 633, 627, 621, 615, 609, 600, 591, 582, 574]
[556, 545, 538, 526, 511, 505, 496, 486, 471, 458, 447, 433, 414, 392, 372, 352, 333, 313, 291, 262]
[221, 195, 172, 154, 130, 109, 97, 87, 75, 59, 36, 23, 21, 8, 0, 0, 0, 0, 0, 0]


End of file

