berkay1amp0.05bpm20.03

[0, 0, 0, 0, 0, 0, 0, 0, 0, 0, 0, 0, 0, 3, 7, 12, 11, 15, 15, 15]
[17, 21, 23, 27, 29, 31, 31, 34, 35, 36, 37, 41, 45, 48, 55, 57, 60, 64, 67, 70]
[76, 81, 82, 87, 86, 93, 94, 97, 101, 101, 104, 109, 116, 119, 121, 126, 132, 135, 138, 144]
[153, 156, 158, 162, 165, 168, 172, 178, 181, 184, 185, 189, 192, 194, 198, 198, 199, 202, 205, 208]
[213, 215, 217, 218, 222, 222, 224, 225, 229, 228, 232, 239, 240, 243, 247, 249, 253, 257, 261, 263]
[268, 270, 271, 275, 274, 277, 280, 283, 285, 288, 289, 291, 294, 298, 302, 304, 306, 309, 312, 313]
[318, 320, 322, 326, 331, 334, 338, 340, 343, 346, 347, 352, 354, 357, 359, 362, 364, 366, 369, 372]
[376, 378, 382, 384, 387, 390, 391, 394, 395, 399, 403, 406, 408, 409, 414, 418, 420, 422, 425, 426]
[430, 434, 436, 437, 438, 442, 445, 448, 451, 455, 457, 460, 462, 466, 472, 475, 478, 481, 484, 487]
[492, 493, 496, 498, 499, 502, 502, 505, 507, 510, 512, 514, 516, 517, 519, 519, 523, 523, 526, 528]
[533, 533, 536, 538, 539, 542, 542, 544, 545, 549, 550, 550, 553, 553, 555, 556, 558, 558, 560, 564]
[565, 567, 568, 570, 570, 573, 572, 572, 574, 575, 576, 580, 578, 578, 581, 583, 584, 583, 586, 588]
[584, 590, 591, 592, 590, 593, 593, 592, 595, 596, 596, 599, 599, 598, 601, 602, 604, 603, 606, 606]
[609, 611, 612, 611, 615, 615, 616, 618, 618, 619, 620, 621, 623, 622, 624, 626, 628, 629, 629, 632]
[633, 634, 636, 636, 638, 640, 641, 644, 645, 646, 647, 649, 647, 651, 653, 655, 654, 655, 658, 661]
[661, 664, 663, 666, 665, 669, 669, 670, 670, 672, 668, 674, 675, 676, 678, 677, 679, 680, 681, 682]
[684, 685, 687, 685, 688, 690, 688, 690, 692, 692, 690, 692, 692, 695, 693, 695, 697, 698, 698, 700]
[700, 701, 701, 703, 701, 704, 703, 705, 706, 707, 705, 706, 709, 709, 707, 711, 711, 712, 712, 710]
[715, 716, 716, 716, 716, 716, 718, 719, 718, 720, 721, 720, 722, 723, 723, 722, 725, 724, 725, 723]
[728, 729, 729, 731, 731, 731, 731, 731, 732, 734, 734, 736, 733, 736, 737, 737, 737, 738, 738, 738]
[738, 741, 742, 743, 743, 744, 744, 745, 747, 747, 747, 747, 746, 749, 749, 749, 750, 751, 752, 752]
[754, 754, 752, 755, 753, 757, 757, 751, 758, 758, 759, 759, 759, 760, 762, 763, 763, 764, 764, 764]
[766, 767, 767, 768, 770, 768, 770, 772, 771, 772, 772, 774, 770, 774, 775, 775, 775, 777, 778, 778]
[780, 779, 780, 781, 782, 782, 783, 783, 784, 785, 784, 786, 786, 783, 787, 787, 788, 787, 788, 789]
[787, 791, 791, 791, 792, 790, 790, 793, 795, 795, 795, 796, 795, 796, 797, 797, 799, 799, 798, 799]
[799, 801, 801, 800, 801, 802, 803, 803, 800, 803, 799, 804, 803, 805, 804, 804, 806, 805, 803, 806]
[806, 806, 807, 807, 804, 808, 806, 808, 809, 810, 809, 808, 810, 810, 808, 811, 812, 811, 809, 811]
[811, 813, 812, 813, 813, 811, 811, 810, 811, 814, 811, 815, 814, 813, 813, 816, 816, 816, 813, 814]
[817, 817, 815, 817, 816, 818, 815, 817, 819, 819, 820, 819, 819, 820, 817, 821, 820, 821, 821, 822]
[821, 821, 821, 821, 818, 822, 822, 822, 822, 823, 824, 824, 824, 824, 825, 824, 826, 826, 822, 823]
[826, 827, 827, 826, 827, 824, 825, 827, 828, 828, 828, 827, 829, 826, 826, 825, 829, 829, 827, 829]
[831, 830, 830, 831, 831, 827, 830, 830, 831, 831, 832, 831, 831, 827, 831, 832, 833, 829, 832, 833]
[834, 832, 833, 833, 834, 831, 829, 834, 833, 835, 834, 836, 831, 834, 834, 831, 836, 834, 834, 837]
[836, 837, 836, 836, 836, 837, 837, 833, 838, 837, 837, 836, 837, 837, 838, 837, 834, 838, 839, 835]
[839, 840, 839, 839, 839, 839, 838, 837, 840, 840, 842, 842, 841, 841, 840, 840, 841, 841, 841, 841]
[840, 842, 842, 840, 842, 839, 842, 842, 842, 843, 842, 843, 843, 843, 844, 843, 843, 844, 844, 844]
[845, 844, 844, 844, 844, 845, 842, 845, 845, 845, 846, 845, 844, 845, 846, 845, 846, 846, 846, 845]
[846, 846, 846, 844, 846, 845, 846, 846, 846, 846, 845, 846, 847, 846, 847, 846, 847, 847, 846, 847]
[847, 847, 847, 847, 847, 847, 848, 844, 847, 847, 847, 848, 847, 848, 847, 848, 845, 848, 848, 847]
[844, 848, 847, 847, 847, 848, 848, 848, 848, 848, 848, 849, 848, 848, 848, 848, 850, 849, 849, 849]
[849, 849, 848, 850, 849, 849, 849, 849, 850, 850, 849, 847, 849, 849, 850, 847, 851, 850, 850, 850]
[851, 850, 850, 851, 850, 849, 850, 851, 851, 850, 851, 851, 848, 851, 852, 852, 851, 851, 851, 851]
[851, 852, 851, 853, 851, 852, 851, 851, 851, 851, 852, 851, 851, 851, 852, 851, 847, 851, 851, 848]
[852, 850, 849, 851, 849, 851, 851, 851, 850, 851, 851, 851, 851, 851, 850, 851, 852, 851, 849, 851]
[851, 851, 851, 851, 851, 850, 848, 851, 851, 851, 852, 851, 846, 847, 851, 850, 850, 850, 851, 851]
[851, 850, 851, 851, 850, 851, 850, 850, 850, 849, 850, 850, 850, 848, 849, 849, 849, 850, 849, 846]
[850, 847, 849, 849, 850, 850, 850, 850, 848, 848, 848, 849, 849, 849, 849, 849, 848, 848, 848, 847]
[847, 848, 846, 848, 848, 848, 846, 848, 848, 848, 847, 848, 848, 847, 848, 847, 849, 849, 848, 848]
[843, 848, 848, 848, 847, 848, 846, 848, 848, 847, 845, 847, 847, 847, 844, 847, 847, 847, 847, 847]
[847, 847, 847, 847, 848, 846, 845, 846, 845, 846, 846, 845, 843, 844, 845, 845, 845, 845, 844, 845]
[844, 844, 846, 845, 844, 841, 844, 844, 843, 843, 840, 840, 843, 843, 843, 841, 842, 843, 840, 839]
[842, 842, 841, 839, 839, 838, 839, 840, 840, 839, 837, 836, 839, 838, 839, 839, 839, 838, 837, 838]
[838, 836, 836, 836, 836, 836, 834, 835, 836, 835, 834, 834, 832, 834, 833, 833, 832, 830, 832, 831]
[830, 830, 830, 828, 830, 829, 828, 828, 828, 827, 823, 827, 826, 825, 822, 824, 825, 824, 824, 822]
[820, 821, 820, 819, 819, 818, 817, 817, 816, 817, 816, 816, 814, 812, 813, 813, 812, 812, 811, 810]
[809, 808, 808, 807, 805, 806, 805, 806, 805, 805, 803, 804, 802, 800, 801, 801, 801, 800, 800, 799]
[796, 797, 797, 797, 794, 796, 796, 795, 794, 795, 795, 794, 792, 793, 792, 790, 792, 792, 790, 790]
[790, 787, 788, 788, 785, 787, 784, 783, 784, 785, 784, 780, 782, 777, 780, 777, 779, 779, 777, 777]
[774, 775, 774, 773, 772, 771, 770, 768, 769, 767, 766, 766, 765, 763, 762, 759, 759, 758, 757, 754]
[748, 749, 748, 745, 743, 742, 740, 738, 736, 735, 731, 727, 724, 718, 719, 716, 713, 709, 706, 703]
[694, 691, 689, 685, 678, 675, 670, 668, 665, 660, 653, 648, 643, 635, 630, 624, 616, 611, 602, 596]
[579, 568, 561, 547, 535, 526, 515, 502, 485, 469, 448, 428, 404, 384, 359, 335, 313, 292, 265, 247]
[199, 174, 148, 116, 66, 46, 28, 25, 32, 22, 14, 0, 0, 0, 0, 0, 0, 0, 0, 0]


End of file

