ramazan2amp0.1bpm20.03

[0, 0, 5, 4, 9, 10, 13, 23, 27, 34, 34, 37, 43, 50, 53, 57, 64, 71, 79, 85]
[99, 106, 112, 116, 124, 127, 133, 140, 143, 152, 159, 170, 177, 185, 191, 197, 203, 207, 213, 218]
[229, 239, 249, 259, 263, 273, 279, 283, 291, 298, 302, 311, 316, 319, 325, 328, 334, 342, 347, 355]
[362, 368, 373, 379, 386, 392, 396, 400, 407, 412, 417, 422, 426, 430, 434, 438, 442, 448, 451, 455]
[464, 469, 472, 477, 480, 483, 488, 488, 494, 497, 500, 505, 508, 508, 514, 518, 521, 521, 527, 529]
[534, 537, 538, 541, 541, 545, 545, 545, 550, 553, 555, 555, 559, 559, 562, 564, 564, 568, 567, 571]
[575, 577, 579, 581, 581, 584, 585, 588, 589, 588, 587, 591, 595, 594, 598, 599, 601, 603, 605, 606]
[610, 610, 612, 614, 615, 615, 615, 618, 618, 621, 624, 625, 627, 628, 630, 630, 631, 633, 634, 635]
[637, 635, 639, 640, 642, 643, 644, 646, 646, 645, 648, 649, 651, 652, 654, 655, 656, 655, 659, 661]
[662, 664, 663, 665, 667, 667, 668, 667, 669, 671, 673, 672, 675, 674, 676, 678, 678, 679, 679, 680]
[683, 684, 685, 687, 686, 688, 689, 687, 691, 693, 694, 697, 697, 694, 698, 696, 700, 701, 699, 702]
[703, 702, 705, 706, 706, 707, 704, 707, 707, 708, 708, 706, 707, 708, 710, 710, 710, 711, 709, 712]
[712, 712, 714, 713, 712, 713, 713, 711, 714, 712, 713, 712, 716, 714, 716, 716, 716, 716, 718, 717]
[717, 719, 719, 720, 720, 718, 720, 720, 720, 722, 719, 722, 721, 723, 723, 723, 723, 723, 724, 724]
[719, 722, 724, 724, 724, 725, 726, 723, 724, 725, 726, 726, 726, 726, 727, 725, 727, 729, 727, 727]
[728, 727, 729, 728, 730, 727, 729, 730, 730, 730, 730, 730, 728, 730, 729, 732, 730, 731, 731, 730]
[731, 731, 731, 731, 731, 731, 732, 729, 732, 731, 732, 733, 731, 728, 730, 731, 730, 728, 730, 730]
[726, 730, 729, 729, 729, 729, 729, 727, 728, 728, 728, 726, 728, 725, 727, 727, 725, 724, 728, 727]
[727, 727, 727, 727, 727, 727, 728, 726, 724, 727, 727, 726, 727, 722, 727, 726, 728, 728, 728, 728]
[726, 725, 727, 726, 727, 727, 727, 727, 729, 729, 728, 728, 728, 728, 728, 728, 728, 728, 729, 727]
[730, 728, 728, 727, 728, 729, 729, 729, 727, 730, 726, 730, 728, 730, 729, 731, 731, 731, 731, 731]
[729, 731, 731, 732, 727, 732, 733, 732, 731, 732, 732, 733, 732, 732, 733, 733, 731, 733, 730, 734]
[734, 734, 733, 733, 730, 735, 734, 729, 734, 735, 732, 736, 732, 731, 735, 735, 734, 735, 735, 735]
[735, 735, 734, 733, 735, 735, 735, 735, 735, 735, 735, 734, 733, 734, 735, 736, 736, 733, 736, 736]
[736, 738, 736, 735, 733, 737, 737, 737, 737, 737, 737, 738, 738, 737, 738, 735, 738, 739, 738, 739]
[738, 739, 739, 739, 739, 740, 739, 740, 739, 740, 740, 740, 741, 740, 740, 741, 742, 742, 742, 742]
[742, 743, 742, 744, 743, 744, 744, 743, 744, 745, 743, 742, 742, 745, 746, 746, 746, 747, 747, 748]
[748, 748, 748, 749, 748, 748, 749, 749, 750, 750, 751, 750, 751, 752, 752, 751, 752, 752, 753, 752]
[752, 753, 753, 753, 752, 754, 756, 755, 755, 756, 756, 757, 756, 756, 757, 757, 757, 758, 759, 758]
[758, 757, 760, 761, 761, 760, 762, 761, 762, 763, 763, 764, 764, 765, 765, 766, 765, 766, 764, 767]
[765, 769, 767, 769, 769, 769, 769, 767, 771, 769, 772, 767, 772, 771, 773, 772, 772, 772, 773, 773]
[775, 774, 775, 774, 773, 776, 777, 776, 776, 776, 776, 775, 776, 775, 778, 778, 777, 778, 775, 778]
[778, 777, 778, 779, 775, 778, 779, 779, 778, 779, 775, 780, 778, 778, 779, 775, 777, 777, 778, 778]
[778, 777, 776, 777, 777, 777, 777, 772, 777, 776, 777, 773, 777, 776, 776, 776, 776, 776, 776, 776]
[775, 775, 775, 775, 775, 775, 774, 774, 771, 774, 774, 774, 774, 775, 772, 774, 774, 773, 771, 774]
[774, 774, 774, 772, 773, 773, 773, 772, 773, 774, 773, 770, 768, 773, 772, 772, 772, 772, 771, 771]
[767, 771, 771, 771, 771, 769, 769, 769, 770, 771, 769, 770, 770, 764, 769, 768, 768, 769, 768, 768]
[764, 767, 767, 766, 768, 766, 767, 765, 765, 766, 765, 766, 764, 765, 764, 764, 761, 764, 763, 761]
[761, 761, 761, 761, 758, 760, 760, 757, 760, 759, 757, 760, 756, 758, 756, 758, 758, 758, 757, 758]
[757, 757, 757, 756, 756, 756, 756, 755, 756, 755, 755, 755, 752, 752, 753, 754, 752, 749, 752, 751]
[751, 751, 750, 750, 748, 749, 748, 746, 748, 745, 745, 746, 745, 744, 744, 744, 743, 743, 742, 742]
[740, 739, 739, 738, 734, 734, 736, 732, 734, 733, 734, 732, 731, 731, 730, 729, 726, 727, 727, 725]
[719, 722, 720, 720, 719, 719, 716, 711, 713, 713, 712, 712, 709, 702, 707, 705, 704, 703, 701, 699]
[696, 695, 693, 693, 691, 689, 688, 686, 684, 683, 681, 681, 677, 677, 675, 674, 671, 670, 666, 665]
[663, 663, 659, 655, 653, 650, 649, 646, 646, 644, 638, 640, 638, 635, 630, 628, 627, 623, 620, 620]
[613, 612, 606, 602, 597, 594, 591, 587, 583, 578, 573, 566, 565, 562, 556, 551, 546, 544, 538, 535]
[526, 522, 520, 515, 507, 500, 495, 488, 485, 478, 473, 468, 462, 454, 451, 445, 437, 431, 425, 417]
[404, 399, 397, 392, 387, 378, 375, 369, 363, 358, 351, 348, 339, 332, 325, 317, 312, 309, 303, 297]
[286, 282, 275, 271, 261, 259, 252, 247, 239, 230, 225, 220, 217, 214, 205, 197, 191, 186, 178, 172]
[160, 153, 145, 138, 134, 129, 123, 118, 110, 104, 94, 76, 64, 58, 51, 41, 38, 34, 28, 23]
[13, 9, 3, 0, 0, 0, 0, 0, 0, 0, 0, 0, 0, 0, 0, 0, 0, 0, 0, 0]


End of file

