berkay2amp0.05bpm20.03

[0, 0, 0, 0, 0, 0, 0, 0, 0, 0, 0, 5, 9, 16, 19, 22, 26, 28, 31, 33]
[39, 40, 41, 44, 45, 45, 49, 51, 55, 57, 61, 63, 65, 68, 71, 74, 76, 78, 80, 81]
[87, 88, 94, 96, 100, 101, 101, 107, 110, 117, 120, 125, 131, 138, 144, 152, 157, 163, 167, 171]
[181, 184, 189, 193, 198, 201, 205, 209, 211, 215, 219, 223, 227, 231, 235, 238, 242, 245, 249, 253]
[257, 261, 263, 267, 268, 273, 277, 281, 284, 287, 292, 296, 296, 299, 302, 305, 308, 310, 313, 316]
[321, 322, 323, 325, 328, 331, 333, 334, 337, 340, 342, 345, 347, 348, 350, 353, 356, 359, 361, 366]
[371, 375, 380, 383, 389, 392, 395, 398, 400, 403, 406, 409, 414, 418, 422, 426, 428, 433, 436, 439]
[447, 451, 457, 461, 464, 468, 471, 475, 479, 484, 489, 493, 496, 499, 504, 505, 509, 512, 514, 516]
[523, 528, 529, 533, 535, 536, 541, 543, 546, 549, 552, 554, 556, 559, 559, 563, 565, 568, 569, 571]
[576, 578, 580, 582, 584, 586, 587, 588, 589, 591, 594, 594, 596, 598, 598, 600, 602, 603, 604, 605]
[608, 608, 610, 612, 614, 614, 615, 617, 618, 620, 621, 622, 623, 624, 625, 626, 626, 628, 628, 629]
[632, 633, 634, 632, 636, 636, 637, 635, 639, 640, 638, 641, 643, 643, 646, 646, 647, 649, 651, 652]
[649, 656, 656, 658, 660, 662, 663, 665, 666, 668, 669, 670, 671, 673, 673, 674, 676, 679, 678, 680]
[680, 685, 686, 687, 688, 690, 691, 694, 695, 695, 694, 698, 698, 700, 700, 703, 705, 706, 706, 707]
[710, 711, 712, 713, 714, 716, 717, 718, 718, 719, 718, 721, 723, 722, 722, 724, 725, 726, 726, 727]
[728, 730, 730, 731, 732, 732, 731, 733, 732, 733, 733, 731, 736, 736, 736, 737, 735, 736, 736, 739]
[738, 739, 738, 737, 736, 740, 739, 738, 741, 743, 739, 742, 743, 742, 740, 742, 744, 744, 744, 745]
[744, 745, 746, 745, 746, 746, 746, 746, 746, 746, 745, 746, 743, 747, 748, 748, 748, 748, 749, 748]
[750, 750, 750, 750, 751, 752, 751, 751, 750, 751, 752, 751, 753, 754, 752, 753, 754, 754, 752, 756]
[756, 757, 757, 757, 758, 758, 759, 759, 759, 761, 761, 762, 760, 761, 762, 764, 763, 761, 762, 763]
[765, 764, 766, 765, 766, 767, 768, 768, 768, 769, 770, 770, 770, 768, 772, 772, 771, 773, 773, 774]
[772, 776, 776, 776, 778, 776, 777, 779, 779, 780, 781, 781, 780, 782, 782, 780, 783, 783, 781, 784]
[785, 784, 784, 784, 783, 785, 785, 784, 786, 785, 787, 787, 787, 786, 787, 788, 788, 789, 786, 789]
[789, 791, 789, 790, 790, 788, 791, 789, 792, 792, 790, 790, 792, 792, 794, 793, 794, 791, 795, 794]
[795, 796, 792, 796, 791, 793, 797, 794, 797, 797, 797, 797, 798, 799, 796, 799, 797, 799, 800, 800]
[801, 800, 801, 802, 802, 802, 801, 802, 802, 804, 803, 803, 804, 803, 804, 803, 805, 806, 805, 806]
[808, 808, 807, 807, 806, 808, 807, 806, 809, 809, 805, 813, 813, 806, 814, 815, 815, 814, 817, 813]
[817, 814, 817, 817, 818, 808, 819, 819, 817, 818, 819, 820, 816, 819, 821, 818, 820, 821, 820, 822]
[817, 821, 821, 819, 821, 821, 823, 822, 819, 823, 823, 822, 822, 823, 823, 823, 823, 825, 824, 823]
[824, 824, 824, 824, 825, 824, 824, 824, 825, 826, 825, 826, 826, 824, 824, 822, 826, 826, 823, 827]
[826, 826, 827, 827, 825, 826, 826, 827, 824, 827, 821, 828, 827, 827, 828, 824, 828, 829, 828, 829]
[824, 829, 829, 828, 829, 829, 828, 828, 829, 826, 829, 830, 828, 830, 830, 831, 830, 831, 830, 827]
[831, 831, 830, 832, 831, 829, 831, 830, 829, 832, 832, 831, 830, 831, 831, 833, 832, 833, 833, 832]
[834, 834, 834, 834, 835, 834, 833, 835, 835, 836, 836, 835, 832, 833, 836, 836, 836, 837, 836, 836]
[836, 838, 838, 835, 838, 837, 838, 838, 839, 838, 838, 837, 838, 838, 840, 840, 838, 840, 840, 838]
[840, 840, 840, 839, 838, 840, 841, 841, 839, 839, 842, 842, 840, 842, 841, 841, 842, 844, 842, 842]
[842, 839, 843, 841, 843, 843, 842, 843, 840, 842, 842, 843, 843, 839, 843, 844, 841, 841, 843, 844]
[843, 844, 843, 844, 843, 842, 840, 843, 846, 844, 844, 844, 844, 843, 844, 845, 844, 844, 842, 843]
[843, 844, 844, 844, 844, 844, 844, 844, 844, 841, 842, 843, 844, 838, 845, 845, 846, 844, 844, 841]
[843, 845, 844, 844, 846, 846, 843, 842, 845, 846, 844, 846, 846, 845, 845, 847, 844, 845, 845, 845]
[840, 846, 842, 845, 845, 843, 845, 845, 844, 846, 844, 846, 844, 844, 845, 845, 843, 846, 844, 844]
[846, 844, 845, 844, 845, 845, 844, 844, 845, 843, 845, 844, 844, 844, 847, 844, 844, 844, 844, 844]
[844, 846, 839, 845, 844, 845, 844, 844, 844, 844, 843, 843, 840, 843, 841, 842, 843, 843, 842, 843]
[843, 842, 843, 842, 843, 839, 842, 838, 843, 842, 842, 841, 842, 844, 842, 840, 842, 841, 841, 841]
[840, 842, 839, 841, 841, 840, 838, 838, 841, 841, 838, 839, 840, 838, 840, 840, 839, 839, 837, 840]
[839, 840, 840, 839, 840, 839, 835, 839, 839, 839, 839, 838, 832, 838, 838, 838, 835, 836, 837, 837]
[836, 836, 836, 837, 836, 836, 835, 834, 834, 835, 834, 834, 833, 833, 833, 833, 832, 832, 832, 831]
[831, 830, 830, 828, 828, 828, 826, 827, 826, 825, 825, 824, 822, 823, 823, 822, 821, 820, 820, 819]
[817, 816, 816, 815, 814, 814, 812, 811, 810, 809, 802, 807, 805, 804, 803, 801, 800, 799, 797, 796]
[793, 788, 790, 788, 787, 786, 786, 783, 784, 781, 781, 779, 778, 774, 775, 773, 771, 770, 769, 766]
[763, 761, 759, 758, 755, 754, 750, 749, 746, 745, 741, 741, 738, 736, 734, 733, 730, 727, 726, 724]
[720, 717, 715, 713, 711, 706, 702, 700, 695, 694, 692, 690, 687, 682, 681, 677, 673, 668, 667, 658]
[653, 651, 646, 640, 637, 634, 629, 624, 617, 611, 606, 603, 597, 590, 586, 579, 575, 569, 561, 555]
[538, 529, 522, 512, 505, 496, 487, 479, 469, 460, 448, 439, 430, 415, 404, 387, 373, 361, 353, 340]
[318, 305, 295, 284, 276, 263, 252, 236, 222, 210, 187, 163, 147, 125, 101, 82, 73, 59, 42, 20]


End of file

