denemeamp0.03bpm20.01

[0, 0, 0, 0, 0, 0, 0, 0, 0, 0, 4, 12, 19, 31, 43, 53, 64, 69, 75, 81]
[97, 110, 117, 129, 135, 142, 149, 153, 160, 167, 168, 174, 179, 185, 191, 195, 200, 205, 209, 215]
[229, 236, 243, 249, 255, 261, 265, 271, 277, 281, 285, 290, 296, 300, 302, 307, 310, 315, 317, 320]
[327, 331, 333, 335, 338, 342, 344, 346, 348, 351, 354, 355, 357, 360, 363, 366, 368, 370, 372, 373]
[378, 381, 383, 386, 390, 397, 400, 402, 405, 407, 408, 413, 416, 418, 423, 426, 429, 433, 436, 439]
[445, 447, 451, 454, 457, 460, 463, 465, 469, 470, 473, 475, 477, 480, 482, 486, 489, 491, 494, 496]
[499, 502, 506, 508, 511, 514, 514, 516, 519, 521, 522, 526, 529, 527, 532, 534, 535, 536, 538, 539]
[543, 545, 546, 550, 553, 552, 557, 557, 560, 562, 563, 565, 568, 571, 573, 575, 576, 576, 582, 581]
[587, 589, 590, 593, 594, 593, 598, 599, 600, 603, 603, 604, 605, 606, 609, 610, 612, 614, 615, 615]
[620, 621, 624, 625, 627, 628, 629, 631, 632, 631, 634, 636, 638, 639, 639, 639, 641, 642, 643, 644]
[647, 648, 648, 649, 649, 650, 652, 652, 653, 654, 651, 656, 656, 658, 657, 657, 659, 659, 660, 660]
[662, 663, 663, 662, 663, 664, 664, 665, 666, 666, 665, 666, 666, 666, 667, 667, 668, 668, 669, 669]
[670, 670, 670, 670, 670, 670, 670, 670, 671, 670, 670, 670, 670, 670, 671, 671, 670, 670, 670, 670]
[670, 670, 670, 670, 669, 669, 669, 669, 669, 668, 669, 668, 668, 668, 668, 668, 667, 666, 666, 666]
[666, 666, 666, 665, 665, 665, 665, 665, 664, 664, 664, 664, 664, 664, 664, 663, 663, 663, 664, 663]
[664, 664, 663, 664, 663, 663, 661, 664, 663, 663, 663, 663, 664, 663, 664, 661, 664, 660, 664, 663]
[665, 664, 661, 663, 663, 663, 662, 663, 661, 663, 662, 663, 663, 662, 663, 662, 662, 661, 661, 662]
[661, 661, 661, 661, 662, 661, 661, 661, 661, 661, 660, 661, 660, 660, 660, 660, 660, 660, 660, 660]
[660, 660, 660, 659, 659, 659, 659, 659, 659, 659, 659, 658, 658, 658, 655, 659, 658, 657, 657, 657]
[657, 657, 657, 657, 657, 656, 656, 656, 656, 655, 656, 655, 654, 654, 654, 654, 654, 654, 654, 654]
[654, 654, 654, 654, 654, 654, 653, 653, 652, 651, 650, 650, 650, 651, 650, 650, 649, 649, 649, 648]
[648, 647, 647, 647, 646, 646, 645, 644, 644, 643, 642, 641, 641, 640, 639, 639, 639, 637, 637, 637]
[635, 634, 634, 633, 632, 631, 630, 629, 628, 627, 625, 624, 624, 622, 622, 621, 619, 618, 617, 615]
[613, 612, 610, 608, 607, 604, 603, 601, 599, 597, 595, 589, 590, 588, 587, 586, 584, 579, 581, 575]
[576, 572, 571, 569, 566, 565, 562, 561, 557, 555, 553, 550, 546, 543, 544, 542, 538, 535, 532, 526]
[520, 516, 513, 509, 505, 500, 494, 486, 481, 477, 472, 467, 461, 457, 451, 447, 444, 438, 432, 425]
[411, 404, 395, 388, 380, 375, 368, 359, 348, 337, 331, 325, 316, 310, 304, 293, 281, 268, 255, 243]
[227, 224, 220, 212, 204, 195, 190, 185, 179, 172, 164, 156, 150, 139, 135, 122, 105, 95, 91, 79]
[54, 43, 27, 25, 16, 3, 0, 0, 0, 0, 0, 0, 0, 0, 0, 0, 0, 0, 0, 0]


End of file

