kıvanç1amp0.05bpm40.01

[0, 0, 0, 6, 10, 12, 17, 22, 25, 35, 37, 41, 46, 50, 53, 59, 65, 68, 72, 75]
[84, 91, 98, 104, 113, 115, 122, 130, 131, 137, 143, 148, 153, 162, 165, 168, 175, 179, 184, 186]
[196, 200, 205, 210, 215, 219, 221, 226, 230, 237, 241, 247, 253, 261, 267, 273, 277, 279, 285, 290]
[298, 301, 305, 312, 314, 318, 324, 327, 332, 335, 340, 344, 349, 351, 355, 358, 362, 366, 372, 375]
[384, 385, 391, 396, 397, 401, 403, 404, 411, 414, 418, 423, 425, 429, 432, 438, 441, 446, 450, 454]
[464, 467, 472, 474, 479, 482, 486, 489, 492, 497, 501, 504, 505, 510, 512, 517, 521, 523, 526, 528]
[537, 540, 543, 546, 550, 552, 554, 556, 559, 560, 564, 566, 570, 572, 573, 578, 579, 583, 585, 589]
[594, 596, 600, 601, 601, 608, 609, 611, 615, 617, 614, 623, 623, 624, 622, 633, 635, 638, 640, 642]
[647, 648, 650, 652, 654, 655, 658, 659, 660, 663, 665, 667, 665, 669, 670, 670, 672, 676, 677, 676]
[681, 682, 683, 685, 686, 685, 689, 687, 692, 693, 693, 697, 696, 699, 700, 699, 702, 704, 706, 706]
[706, 709, 710, 710, 712, 713, 712, 715, 716, 717, 718, 718, 720, 721, 723, 724, 725, 726, 724, 727]
[730, 731, 728, 732, 733, 733, 735, 736, 736, 736, 737, 738, 738, 736, 741, 740, 742, 742, 744, 744]
[745, 747, 747, 748, 748, 749, 748, 749, 750, 752, 753, 754, 754, 754, 756, 756, 756, 757, 755, 758]
[760, 760, 759, 762, 762, 762, 764, 762, 761, 764, 760, 765, 766, 763, 767, 768, 769, 768, 769, 769]
[770, 772, 771, 771, 772, 773, 773, 774, 774, 774, 775, 775, 776, 776, 776, 777, 777, 778, 778, 778]
[777, 780, 777, 780, 777, 781, 781, 779, 782, 780, 778, 783, 784, 782, 785, 785, 787, 785, 787, 787]
[787, 788, 788, 788, 789, 784, 787, 790, 788, 791, 790, 792, 793, 793, 794, 793, 794, 793, 794, 794]
[795, 795, 795, 795, 796, 797, 796, 797, 798, 798, 797, 798, 798, 799, 799, 798, 798, 800, 800, 797]
[799, 802, 801, 802, 801, 803, 802, 802, 803, 803, 803, 800, 804, 803, 804, 804, 804, 802, 805, 805]
[802, 806, 807, 806, 807, 807, 806, 804, 808, 808, 804, 809, 810, 809, 810, 807, 811, 811, 811, 811]
[810, 813, 814, 815, 815, 814, 813, 815, 814, 814, 813, 818, 816, 816, 815, 815, 815, 818, 817, 811]
[817, 820, 820, 821, 821, 821, 819, 821, 822, 821, 822, 820, 823, 823, 823, 823, 824, 825, 825, 825]
[825, 826, 826, 827, 827, 828, 826, 827, 827, 828, 830, 829, 828, 828, 829, 829, 830, 830, 826, 827]
[827, 832, 832, 831, 832, 831, 832, 832, 832, 832, 833, 832, 834, 830, 834, 834, 835, 832, 833, 833]
[835, 837, 836, 835, 836, 837, 837, 836, 837, 834, 838, 838, 837, 837, 837, 836, 839, 836, 839, 839]
[839, 840, 840, 839, 837, 841, 837, 840, 841, 842, 842, 842, 842, 843, 842, 843, 843, 844, 843, 841]
[846, 844, 844, 844, 845, 845, 846, 845, 846, 846, 845, 846, 847, 846, 846, 847, 847, 847, 845, 847]
[848, 847, 847, 845, 847, 847, 848, 845, 848, 848, 845, 848, 848, 846, 848, 847, 849, 848, 849, 849]
[843, 849, 850, 849, 849, 849, 849, 850, 850, 851, 850, 851, 850, 850, 852, 852, 851, 850, 851, 851]
[850, 850, 851, 852, 849, 851, 852, 852, 852, 852, 851, 853, 852, 852, 850, 853, 849, 853, 854, 853]
[853, 855, 854, 853, 853, 854, 854, 854, 855, 855, 854, 854, 849, 855, 856, 855, 855, 855, 851, 855]
[852, 855, 854, 855, 850, 856, 854, 855, 855, 854, 850, 857, 855, 858, 856, 857, 857, 857, 856, 858]
[854, 858, 858, 859, 858, 859, 854, 855, 858, 857, 858, 855, 858, 858, 858, 858, 855, 858, 858, 859]
[859, 856, 858, 859, 859, 858, 858, 859, 858, 858, 860, 859, 859, 858, 856, 856, 859, 859, 859, 858]
[859, 858, 858, 857, 851, 857, 858, 859, 858, 858, 858, 858, 856, 858, 858, 858, 858, 858, 858, 857]
[858, 858, 858, 857, 858, 857, 858, 855, 857, 857, 855, 856, 857, 856, 857, 858, 856, 858, 857, 856]
[857, 856, 857, 857, 857, 856, 857, 857, 857, 856, 858, 855, 855, 858, 857, 857, 856, 856, 856, 856]
[856, 856, 857, 856, 856, 856, 856, 856, 856, 856, 856, 856, 856, 855, 856, 856, 855, 856, 855, 856]
[854, 856, 855, 855, 855, 855, 856, 855, 855, 855, 855, 857, 855, 855, 854, 854, 855, 855, 852, 855]
[855, 855, 855, 855, 855, 855, 856, 854, 855, 854, 854, 854, 855, 854, 854, 855, 854, 854, 855, 854]
[854, 854, 853, 853, 855, 853, 854, 854, 853, 852, 853, 855, 854, 854, 854, 852, 852, 853, 853, 850]
[849, 852, 852, 853, 847, 853, 852, 852, 852, 852, 852, 852, 852, 853, 852, 848, 851, 852, 852, 851]
[850, 852, 850, 852, 849, 851, 851, 850, 849, 849, 849, 850, 846, 849, 849, 849, 849, 846, 847, 848]
[849, 848, 848, 848, 847, 847, 847, 844, 846, 846, 845, 846, 846, 846, 846, 846, 846, 846, 841, 843]
[844, 845, 844, 842, 843, 843, 844, 843, 843, 843, 842, 842, 838, 841, 841, 839, 840, 840, 840, 840]
[839, 840, 838, 840, 838, 838, 837, 837, 838, 838, 836, 837, 835, 836, 836, 835, 835, 834, 832, 833]
[833, 833, 834, 832, 832, 831, 831, 831, 831, 830, 829, 830, 829, 830, 828, 829, 830, 828, 828, 827]
[827, 827, 824, 825, 826, 825, 826, 825, 825, 824, 822, 825, 822, 822, 821, 822, 820, 820, 820, 820]
[819, 819, 819, 817, 817, 816, 814, 816, 814, 815, 815, 814, 812, 813, 810, 812, 810, 811, 811, 811]
[806, 808, 806, 807, 806, 806, 806, 807, 804, 805, 804, 802, 801, 801, 801, 797, 799, 799, 799, 798]
[796, 796, 795, 794, 793, 794, 793, 792, 791, 788, 790, 786, 787, 786, 786, 784, 784, 783, 783, 781]
[775, 778, 775, 775, 776, 775, 773, 772, 771, 769, 769, 768, 767, 766, 765, 763, 762, 761, 760, 759]
[757, 755, 755, 752, 752, 749, 748, 747, 744, 744, 741, 738, 738, 735, 732, 729, 727, 725, 722, 720]
[715, 716, 713, 709, 709, 708, 707, 702, 700, 698, 696, 692, 691, 689, 685, 682, 680, 678, 675, 671]
[667, 664, 659, 658, 655, 653, 647, 646, 643, 638, 636, 631, 631, 628, 624, 622, 618, 614, 611, 608]
[600, 595, 589, 586, 579, 575, 570, 564, 558, 554, 544, 543, 539, 530, 524, 520, 514, 505, 498, 490]
[470, 459, 452, 447, 440, 433, 428, 420, 414, 406, 398, 390, 377, 367, 357, 351, 341, 331, 325, 313]
[290, 283, 272, 263, 251, 230, 215, 199, 186, 178, 170, 157, 144, 114, 98, 82, 68, 50, 32, 23]


End of file

