kıvanç1amp0.05bpm20.03

[0, 0, 0, 0, 0, 0, 0, 0, 0, 3, 6, 11, 11, 14, 14, 17, 18, 19, 23, 25]
[29, 31, 37, 42, 49, 53, 59, 60, 65, 69, 73, 78, 81, 84, 86, 89, 90, 90, 91, 95]
[99, 101, 106, 105, 106, 109, 110, 113, 118, 124, 130, 135, 139, 147, 150, 156, 163, 166, 168, 172]
[180, 184, 187, 188, 191, 192, 195, 199, 203, 207, 210, 213, 216, 221, 226, 233, 239, 243, 249, 254]
[264, 268, 272, 275, 277, 282, 287, 291, 298, 302, 308, 317, 320, 324, 326, 331, 335, 337, 341, 345]
[352, 355, 358, 363, 367, 371, 374, 379, 383, 388, 391, 397, 401, 402, 407, 410, 412, 417, 418, 421]
[427, 430, 432, 436, 439, 441, 444, 444, 451, 454, 456, 460, 462, 464, 466, 471, 474, 475, 479, 480]
[489, 489, 494, 496, 500, 503, 505, 507, 511, 512, 513, 518, 516, 522, 523, 525, 528, 530, 534, 536]
[543, 543, 546, 549, 551, 555, 556, 557, 559, 561, 562, 566, 568, 570, 572, 574, 575, 577, 578, 582]
[586, 586, 590, 591, 588, 595, 595, 597, 599, 601, 602, 604, 606, 607, 611, 613, 614, 616, 618, 620]
[623, 625, 625, 628, 629, 631, 631, 631, 633, 635, 637, 639, 641, 637, 643, 644, 646, 648, 649, 650]
[652, 654, 656, 657, 658, 660, 661, 662, 664, 665, 665, 667, 668, 667, 670, 671, 671, 673, 672, 675]
[678, 679, 679, 680, 681, 682, 684, 683, 686, 685, 688, 690, 687, 690, 691, 694, 692, 695, 696, 698]
[699, 699, 702, 703, 704, 705, 705, 707, 708, 708, 709, 711, 711, 712, 713, 713, 715, 717, 717, 720]
[719, 721, 722, 723, 721, 725, 727, 726, 727, 729, 729, 728, 731, 731, 734, 735, 736, 736, 737, 738]
[737, 739, 741, 742, 743, 744, 745, 746, 747, 747, 749, 750, 749, 751, 748, 751, 752, 753, 753, 754]
[756, 756, 757, 757, 757, 759, 760, 757, 757, 761, 761, 762, 760, 758, 763, 765, 764, 766, 766, 764]
[767, 765, 768, 769, 769, 770, 770, 770, 768, 772, 772, 774, 773, 774, 774, 774, 776, 774, 774, 776]
[777, 775, 777, 779, 779, 778, 777, 780, 781, 781, 781, 782, 781, 783, 783, 784, 784, 784, 785, 786]
[786, 788, 787, 787, 788, 788, 788, 783, 789, 789, 790, 790, 791, 791, 789, 793, 794, 793, 794, 793]
[795, 795, 793, 795, 796, 797, 798, 797, 798, 799, 800, 799, 801, 800, 799, 798, 802, 802, 802, 801]
[804, 806, 804, 805, 804, 805, 806, 806, 807, 807, 803, 804, 809, 808, 808, 806, 810, 810, 810, 811]
[812, 810, 811, 812, 812, 813, 811, 813, 814, 814, 815, 815, 816, 810, 816, 816, 817, 817, 817, 818]
[818, 819, 819, 819, 821, 820, 821, 820, 821, 821, 822, 821, 820, 822, 824, 823, 823, 823, 824, 823]
[824, 825, 824, 824, 824, 825, 825, 826, 826, 826, 826, 826, 826, 827, 827, 826, 827, 827, 828, 828]
[828, 825, 828, 828, 828, 828, 829, 829, 829, 830, 830, 830, 829, 832, 830, 830, 830, 831, 831, 831]
[831, 831, 831, 831, 831, 831, 831, 831, 832, 832, 832, 833, 832, 832, 833, 834, 834, 834, 834, 834]
[834, 834, 834, 835, 834, 835, 834, 836, 836, 835, 835, 837, 833, 835, 836, 835, 835, 835, 836, 835]
[832, 835, 835, 835, 834, 836, 835, 836, 836, 832, 836, 837, 836, 836, 833, 837, 836, 836, 836, 836]
[837, 836, 835, 836, 837, 836, 837, 837, 836, 836, 836, 836, 837, 838, 837, 837, 837, 837, 838, 837]
[837, 837, 835, 837, 830, 837, 839, 838, 838, 835, 837, 838, 834, 836, 837, 837, 838, 837, 838, 839]
[837, 838, 839, 838, 838, 835, 838, 838, 839, 839, 838, 838, 836, 839, 836, 839, 839, 838, 839, 835]
[838, 838, 839, 839, 838, 839, 838, 836, 838, 839, 838, 839, 838, 838, 838, 839, 839, 838, 838, 834]
[832, 834, 838, 837, 838, 837, 838, 837, 837, 837, 837, 833, 837, 838, 834, 835, 836, 836, 837, 836]
[836, 833, 834, 835, 836, 832, 829, 835, 835, 835, 834, 835, 835, 836, 831, 834, 835, 834, 834, 834]
[831, 834, 835, 833, 833, 833, 832, 832, 832, 833, 832, 833, 832, 832, 832, 832, 830, 832, 832, 831]
[827, 832, 831, 831, 831, 830, 830, 830, 830, 830, 825, 831, 831, 830, 829, 830, 829, 828, 827, 829]
[828, 829, 828, 827, 828, 826, 827, 826, 825, 827, 826, 823, 825, 824, 825, 822, 823, 824, 823, 824]
[822, 822, 821, 821, 822, 821, 819, 820, 818, 819, 819, 817, 818, 815, 817, 817, 816, 816, 814, 814]
[808, 814, 812, 813, 812, 812, 810, 811, 811, 809, 810, 810, 808, 806, 807, 808, 807, 807, 808, 803]
[805, 804, 801, 800, 800, 800, 801, 798, 800, 798, 797, 797, 797, 795, 792, 794, 790, 793, 792, 791]
[790, 789, 787, 785, 787, 786, 784, 785, 785, 785, 783, 784, 781, 782, 782, 781, 777, 779, 778, 778]
[776, 774, 773, 769, 772, 771, 770, 770, 767, 766, 766, 765, 760, 762, 760, 761, 759, 760, 757, 756]
[756, 752, 754, 753, 752, 750, 749, 748, 745, 746, 745, 742, 740, 741, 740, 737, 737, 732, 731, 731]
[727, 727, 726, 725, 723, 721, 719, 717, 716, 713, 712, 712, 709, 707, 708, 705, 704, 702, 702, 697]
[693, 695, 693, 691, 689, 684, 685, 683, 681, 680, 676, 673, 673, 670, 669, 666, 663, 661, 658, 658]
[655, 652, 651, 649, 647, 645, 644, 642, 640, 637, 633, 633, 628, 628, 626, 624, 622, 619, 617, 614]
[611, 607, 604, 601, 599, 594, 591, 586, 586, 585, 583, 582, 578, 573, 572, 567, 566, 564, 562, 560]
[552, 552, 547, 543, 538, 533, 524, 517, 514, 509, 501, 500, 499, 495, 490, 487, 482, 477, 472, 466]
[450, 441, 429, 418, 407, 395, 381, 367, 356, 342, 330, 318, 302, 285, 269, 254, 244, 230, 216, 202]
[182, 162, 146, 134, 106, 90, 81, 70, 57, 40, 35, 30, 20, 14, 0, 0, 0, 0, 0, 0]


End of file

