ramazan2amp0.05bpm20.02

[0, 0, 0, 0, 0, 0, 0, 0, 0, 0, 0, 0, 0, 0, 0, 0, 0, 16, 26, 31]
[43, 47, 52, 51, 58, 64, 73, 84, 93, 102, 104, 109, 116, 120, 125, 132, 139, 150, 158, 165]
[176, 184, 189, 199, 205, 210, 212, 217, 223, 231, 235, 241, 241, 245, 253, 256, 257, 259, 261, 269]
[280, 285, 287, 293, 298, 298, 302, 308, 313, 321, 325, 332, 335, 340, 347, 350, 358, 361, 365, 368]
[379, 383, 390, 395, 399, 405, 410, 416, 420, 425, 427, 431, 437, 441, 444, 448, 452, 455, 457, 462]
[470, 475, 477, 482, 481, 491, 494, 496, 503, 506, 509, 515, 517, 518, 524, 527, 529, 532, 534, 537]
[543, 546, 549, 551, 554, 556, 558, 560, 563, 564, 567, 567, 570, 573, 576, 578, 582, 584, 587, 589]
[592, 597, 600, 601, 604, 606, 608, 610, 610, 613, 616, 618, 619, 621, 623, 625, 627, 629, 630, 629]
[635, 637, 639, 640, 642, 644, 645, 647, 649, 651, 652, 655, 655, 656, 657, 656, 659, 661, 661, 663]
[662, 666, 667, 669, 668, 671, 672, 673, 674, 675, 675, 679, 680, 681, 680, 683, 685, 687, 688, 688]
[688, 692, 692, 692, 694, 694, 691, 696, 697, 699, 700, 698, 701, 700, 701, 701, 702, 703, 704, 704]
[705, 706, 706, 707, 707, 707, 708, 708, 710, 711, 710, 711, 712, 712, 713, 714, 715, 715, 713, 716]
[716, 717, 717, 718, 718, 718, 719, 719, 719, 720, 719, 720, 720, 721, 721, 722, 719, 722, 722, 721]
[723, 724, 723, 724, 724, 725, 722, 719, 726, 727, 727, 728, 728, 728, 726, 729, 731, 728, 731, 728]
[732, 729, 732, 729, 733, 733, 730, 735, 735, 734, 736, 736, 734, 737, 738, 739, 739, 739, 740, 740]
[736, 741, 741, 740, 742, 742, 742, 741, 740, 742, 743, 743, 744, 744, 744, 745, 746, 744, 746, 746]
[744, 746, 746, 747, 745, 747, 745, 748, 748, 748, 748, 748, 746, 748, 748, 748, 749, 749, 749, 747]
[749, 750, 750, 749, 748, 750, 750, 750, 750, 748, 751, 749, 751, 748, 751, 752, 751, 751, 751, 752]
[752, 751, 752, 751, 752, 752, 751, 751, 752, 751, 753, 752, 751, 752, 751, 751, 752, 752, 752, 752]
[752, 751, 752, 753, 753, 753, 753, 753, 754, 752, 754, 754, 753, 753, 753, 753, 753, 754, 753, 755]
[755, 754, 753, 755, 754, 754, 755, 754, 754, 755, 754, 755, 754, 755, 755, 754, 755, 756, 756, 755]
[756, 757, 755, 754, 756, 755, 756, 756, 756, 755, 755, 757, 757, 754, 756, 757, 757, 755, 756, 757]
[757, 756, 757, 756, 756, 756, 756, 756, 758, 756, 756, 756, 754, 757, 756, 757, 757, 756, 756, 757]
[756, 756, 756, 758, 757, 757, 756, 756, 757, 756, 756, 757, 756, 755, 755, 756, 755, 754, 755, 756]
[753, 755, 754, 756, 755, 755, 757, 755, 755, 755, 756, 755, 754, 754, 754, 754, 751, 754, 754, 754]
[753, 753, 753, 753, 754, 751, 753, 751, 752, 753, 751, 750, 750, 746, 750, 749, 749, 749, 747, 746]
[746, 746, 744, 743, 743, 742, 740, 741, 741, 741, 740, 739, 738, 738, 735, 736, 733, 736, 735, 734]
[734, 734, 733, 731, 730, 730, 729, 728, 727, 727, 725, 723, 723, 721, 722, 721, 719, 718, 717, 715]
[712, 710, 708, 706, 703, 702, 700, 698, 697, 696, 692, 692, 690, 689, 686, 684, 683, 681, 676, 677]
[672, 669, 667, 663, 661, 656, 655, 648, 648, 645, 641, 639, 635, 631, 629, 627, 624, 620, 617, 614]
[606, 602, 600, 596, 594, 589, 583, 581, 577, 573, 569, 561, 557, 550, 546, 542, 537, 531, 525, 522]
[511, 505, 500, 493, 486, 478, 468, 460, 453, 445, 437, 428, 424, 415, 409, 403, 394, 386, 378, 372]
[353, 346, 339, 335, 328, 322, 315, 307, 300, 289, 281, 279, 272, 270, 265, 259, 250, 243, 234, 228]
[212, 204, 198, 192, 182, 171, 167, 160, 150, 143, 132, 120, 98, 83, 78, 73, 66, 63, 52, 44]
[35, 32, 28, 25, 20, 13, 12, 6, 0, 0, 0, 0, 0, 0, 0, 0, 0, 0, 0, 0]


End of file

