ramazan2amp0.05bpm20.03

[0, 0, 0, 0, 0, 0, 0, 0, 0, 0, 0, 0, 0, 0, 0, 0, 4, 4, 8, 12]
[15, 17, 17, 20, 23, 22, 23, 26, 24, 27, 29, 31, 34, 38, 39, 42, 44, 49, 53, 57]
[59, 61, 66, 70, 72, 78, 79, 85, 85, 89, 92, 95, 97, 103, 105, 106, 111, 114, 117, 122]
[130, 132, 135, 141, 143, 146, 148, 154, 157, 160, 160, 163, 167, 169, 172, 176, 182, 187, 191, 198]
[203, 209, 215, 219, 221, 223, 233, 236, 240, 241, 241, 246, 246, 250, 255, 258, 265, 268, 271, 274]
[282, 286, 289, 293, 297, 301, 305, 312, 316, 320, 324, 331, 337, 341, 346, 349, 351, 356, 359, 364]
[370, 374, 380, 383, 388, 391, 396, 399, 405, 408, 413, 417, 420, 426, 431, 436, 439, 442, 447, 453]
[460, 465, 472, 475, 476, 482, 487, 489, 494, 497, 499, 502, 509, 510, 516, 520, 523, 524, 529, 531]
[542, 543, 547, 550, 553, 557, 560, 563, 565, 568, 571, 574, 576, 578, 581, 582, 583, 588, 590, 591]
[595, 598, 600, 601, 604, 606, 608, 606, 611, 614, 616, 618, 619, 620, 622, 623, 624, 625, 626, 630]
[632, 634, 636, 637, 639, 639, 641, 643, 641, 646, 648, 648, 647, 652, 652, 653, 654, 654, 656, 656]
[658, 657, 659, 660, 660, 662, 663, 663, 665, 666, 665, 668, 668, 669, 670, 671, 671, 673, 671, 674]
[676, 675, 676, 677, 676, 679, 680, 681, 682, 681, 682, 682, 683, 684, 686, 684, 687, 688, 688, 690]
[687, 691, 692, 693, 693, 693, 693, 693, 693, 693, 694, 693, 694, 695, 696, 697, 695, 695, 696, 695]
[693, 695, 694, 695, 695, 694, 696, 697, 697, 697, 697, 698, 696, 698, 698, 698, 697, 698, 698, 698]
[698, 698, 698, 699, 697, 697, 696, 696, 696, 693, 695, 695, 694, 694, 691, 694, 695, 694, 693, 693]
[688, 693, 692, 692, 690, 690, 689, 688, 687, 684, 685, 684, 679, 683, 682, 681, 683, 680, 682, 682]
[683, 680, 682, 681, 680, 680, 682, 680, 676, 678, 678, 676, 675, 670, 675, 674, 673, 670, 671, 668]
[669, 668, 668, 668, 668, 667, 667, 666, 665, 665, 665, 665, 664, 664, 661, 663, 661, 659, 659, 659]
[658, 656, 655, 655, 654, 654, 654, 652, 653, 651, 651, 652, 651, 650, 651, 651, 650, 649, 649, 650]
[649, 649, 649, 649, 649, 648, 648, 647, 646, 647, 646, 646, 646, 646, 645, 644, 645, 644, 644, 644]
[644, 644, 643, 644, 643, 643, 642, 642, 642, 641, 642, 642, 643, 641, 641, 642, 641, 641, 641, 641]
[640, 640, 640, 640, 639, 639, 639, 639, 639, 640, 640, 640, 639, 639, 639, 639, 638, 639, 638, 639]
[640, 639, 639, 636, 640, 640, 639, 640, 641, 639, 639, 639, 640, 640, 640, 640, 640, 639, 639, 639]
[639, 638, 640, 639, 639, 639, 640, 640, 640, 641, 641, 641, 640, 640, 637, 640, 639, 641, 641, 641]
[643, 642, 641, 642, 642, 642, 642, 641, 643, 643, 641, 642, 640, 643, 643, 640, 640, 643, 642, 640]
[639, 642, 642, 642, 640, 640, 641, 642, 641, 642, 642, 644, 641, 642, 641, 641, 641, 642, 641, 642]
[641, 641, 642, 637, 643, 643, 643, 643, 643, 643, 643, 641, 644, 645, 644, 644, 644, 644, 644, 642]
[643, 644, 643, 643, 643, 643, 642, 640, 640, 638, 636, 634, 634, 631, 629, 629, 627, 624, 624, 621]
[621, 618, 620, 618, 619, 620, 621, 619, 618, 616, 612, 614, 613, 610, 609, 607, 606, 606, 604, 602]
[601, 599, 597, 592, 590, 585, 585, 583, 581, 580, 579, 578, 576, 574, 571, 571, 569, 566, 564, 560]
[557, 553, 550, 548, 544, 541, 538, 534, 530, 524, 519, 514, 508, 504, 500, 496, 492, 489, 487, 481]
[469, 467, 462, 458, 452, 452, 448, 442, 438, 433, 428, 423, 417, 412, 408, 404, 398, 395, 391, 386]
[378, 373, 367, 364, 355, 353, 346, 340, 333, 325, 321, 314, 307, 295, 288, 280, 272, 263, 255, 251]
[234, 223, 219, 215, 208, 200, 194, 188, 179, 171, 165, 159, 154, 147, 142, 139, 131, 127, 119, 107]
[93, 93, 88, 88, 81, 79, 78, 72, 67, 64, 59, 55, 49, 45, 33, 24, 12, 10, 4, 0]


End of file

