ramazan1amp0.05bpm20.02

[0, 0, 0, 0, 0, 0, 1, 1, 0, 1, 2, 0, 2, 3, 0, 3, 2, 3, 3, 2]
[3, 3, 6, 4, 4, 9, 8, 8, 8, 9, 13, 13, 12, 15, 17, 21, 21, 20, 22, 23]
[22, 24, 25, 27, 25, 26, 27, 27, 28, 30, 31, 31, 32, 32, 35, 36, 33, 36, 37, 37]
[40, 40, 40, 40, 39, 41, 41, 40, 43, 44, 46, 48, 49, 51, 50, 54, 58, 60, 62, 67]
[72, 73, 75, 80, 82, 84, 86, 90, 93, 92, 98, 99, 102, 104, 106, 108, 110, 116, 121, 122]
[130, 133, 136, 140, 144, 148, 153, 156, 161, 165, 172, 179, 185, 190, 194, 199, 203, 209, 213, 217]
[227, 233, 239, 242, 246, 249, 252, 254, 260, 262, 267, 274, 280, 282, 284, 288, 292, 294, 299, 303]
[308, 312, 315, 318, 324, 326, 330, 334, 338, 339, 343, 347, 349, 352, 355, 356, 359, 366, 371, 375]
[381, 385, 389, 391, 395, 398, 401, 405, 410, 412, 419, 420, 422, 425, 429, 431, 432, 438, 442, 445]
[452, 456, 457, 462, 465, 469, 470, 473, 475, 478, 480, 482, 485, 485, 488, 492, 492, 495, 499, 501]
[506, 507, 509, 511, 512, 515, 516, 519, 520, 523, 525, 525, 527, 529, 529, 532, 534, 535, 536, 537]
[540, 541, 545, 547, 549, 550, 552, 554, 555, 556, 558, 560, 560, 563, 564, 566, 567, 568, 570, 572]
[575, 576, 577, 578, 580, 582, 583, 583, 586, 587, 588, 590, 590, 592, 593, 594, 595, 596, 597, 599]
[601, 602, 604, 604, 606, 607, 608, 608, 609, 610, 612, 614, 616, 617, 619, 620, 622, 624, 626, 627]
[627, 631, 631, 632, 632, 635, 637, 636, 638, 639, 640, 641, 643, 642, 644, 646, 647, 648, 646, 650]
[652, 653, 655, 655, 656, 658, 658, 660, 661, 662, 662, 664, 665, 665, 666, 667, 667, 669, 669, 670]
[671, 671, 672, 674, 673, 674, 672, 675, 677, 677, 678, 679, 679, 679, 680, 682, 679, 681, 683, 683]
[686, 683, 686, 687, 688, 688, 688, 690, 690, 691, 689, 690, 692, 693, 693, 694, 692, 695, 696, 695]
[698, 698, 699, 698, 699, 700, 700, 701, 702, 702, 702, 703, 698, 704, 704, 705, 705, 705, 707, 706]
[708, 707, 708, 708, 707, 709, 709, 710, 710, 710, 708, 712, 712, 713, 713, 711, 713, 714, 714, 716]
[717, 714, 717, 719, 715, 717, 720, 719, 721, 721, 722, 720, 722, 720, 721, 724, 723, 723, 727, 727]
[726, 728, 728, 727, 728, 729, 730, 726, 731, 732, 732, 732, 734, 731, 734, 734, 735, 736, 733, 735]
[735, 737, 737, 733, 736, 739, 739, 740, 741, 740, 741, 742, 739, 743, 742, 742, 743, 745, 745, 742]
[745, 746, 745, 745, 746, 747, 745, 745, 745, 748, 749, 748, 749, 750, 750, 747, 751, 751, 750, 750]
[749, 752, 751, 753, 752, 752, 753, 752, 750, 752, 751, 754, 752, 754, 754, 754, 754, 755, 755, 754]
[755, 754, 755, 756, 755, 753, 755, 749, 754, 757, 756, 756, 756, 754, 757, 757, 757, 757, 757, 757]
[757, 757, 757, 757, 756, 755, 756, 758, 757, 757, 758, 758, 756, 755, 758, 758, 758, 758, 760, 758]
[759, 758, 759, 759, 757, 757, 759, 758, 759, 758, 760, 758, 760, 760, 760, 760, 759, 759, 760, 760]
[760, 756, 760, 760, 760, 760, 758, 760, 760, 760, 760, 760, 758, 759, 760, 760, 760, 758, 760, 760]
[758, 760, 759, 760, 760, 758, 760, 759, 760, 759, 759, 760, 760, 758, 760, 759, 759, 755, 756, 758]
[756, 758, 757, 755, 757, 757, 757, 757, 757, 756, 757, 757, 753, 755, 756, 757, 756, 754, 754, 753]
[756, 755, 752, 755, 755, 754, 755, 753, 753, 752, 754, 753, 753, 753, 751, 753, 752, 752, 751, 752]
[751, 751, 750, 751, 749, 749, 750, 748, 749, 749, 747, 747, 747, 747, 745, 746, 747, 746, 744, 745]
[740, 744, 740, 742, 742, 741, 741, 739, 739, 741, 738, 739, 736, 734, 736, 737, 737, 736, 735, 735]
[734, 732, 731, 731, 731, 730, 729, 728, 727, 726, 726, 725, 724, 721, 723, 718, 721, 720, 717, 716]
[715, 715, 712, 711, 710, 707, 705, 702, 700, 700, 698, 696, 694, 692, 689, 689, 687, 681, 681, 679]
[676, 675, 671, 667, 667, 665, 664, 660, 659, 657, 654, 651, 648, 645, 643, 638, 639, 636, 632, 629]
[621, 616, 617, 614, 607, 606, 600, 597, 590, 587, 581, 574, 570, 566, 563, 558, 557, 552, 550, 545]
[535, 528, 526, 517, 518, 514, 505, 501, 497, 489, 481, 473, 466, 461, 454, 441, 433, 424, 415, 406]
[387, 382, 376, 370, 364, 357, 346, 338, 332, 328, 323, 317, 314, 308, 300, 293, 285, 274, 263, 253]
[236, 220, 208, 194, 176, 161, 150, 139, 121, 106, 96, 88, 76, 64, 54, 48, 45, 40, 37, 27]
[16, 6, 0, 0, 0, 0, 0, 0, 0, 0, 0, 0, 0, 0, 0, 0, 0, 0, 0, 0]


End of file

